97.784371
130.606377
177.276079
73.15081
176.215394
88.570857
156.10627
64.025113
103.765733
128.690305
133.280836
176.429729
69.383271
130.455019
128.76834
156.871848
98.587535
141.579091
121.067503
80.994388
120.419566
148.504908
99.682124
149.77134
82.768801
131.965713
123.735589
161.570933
148.832743
148.021533
39.034284
138.013588
130.559783
100.417521
126.832435
134.43754
156.620305
86.613234
113.974103
181.76226
103.748698
126.443164
118.340624
89.326296
124.528079
139.32385
152.072036
71.557428
185.839414
193.111104
40.095773
132.919989
159.445231
44.292894
125.917761
148.934205
83.143121
177.651198
82.349811
143.650185
133.382424
86.125489
115.491842
124.477277
161.182177
154.293232
64.057437
137.716345
137.398464
113.131463
153.332473
67.665357
151.267363
79.916828
163.601317
95.311517
136.88876
167.04115
81.618331
143.342233
330.278816
58.647286
28.521379
118.95175
127.335938
101.300347
114.849483
116.99916
102.788053
163.960641
159.811055
48.085574
137.469429
168.866782
63.36979
128.132045
126.323934
132.49524
188.839848
124.749033
98.298612
117.121806
124.059611
149.61169
120.074843
127.2878
159.851795
77.329782
140.089976
121.726634
156.727411
182.826938
125.212466
59.130343
138.186395
187.861995
65.945783
147.557875
102.588906
172.280057
105.505847
113.077225
135.181636
132.4931
187.282855
175.991623
55.252657
96.744792
118.913932
154.731787
147.371862
96.526056
189.539308
141.313709
49.522644
175.799522
89.99929
118.34861
145.107656
116.408706
120.075458
171.903001
97.220977
106.713288
132.50742
140.090717
124.302467
134.803681
98.162429
171.78202
102.688335
146.327574
117.243315
105.922988
137.184412
115.399397
145.772651
116.889848
132.123702
167.442284
73.603247
138.40353
141.347386
177.760589
198.92966
196.255377
197.051009
199.953989
162.067866
213.36292
188.070259
211.924418
209.633893
155.273207
227.005445
164.187952
246.110757
144.339675
216.034584
267.280602
211.532077
156.49657
142.68214
116.619133
176.767007
148.708189
276.971378
172.23127
133.319223
213.85011
195.038554
197.579729
214.572941
189.747299
282.424439
131.296408
229.91226
163.303424
205.014671
168.812012
182.723114
163.894366
190.304814
199.23126
171.231696
193.135559
197.959548
198.240625
245.195545
261.178875
176.398786
105.380181
154.079043
147.442944
143.052014
154.766351
149.265551
165.576539
115.253318
192.02371
324.415567
104.199036
22.102318
