468.009008
511.802288
493.94056
507.957423999
520.09488
505.803344
495.882864
484.989456
490.755136
494.38008
504.346
487.07936
499.54504
477.439264
477.09216
496.770272
497.788048
492.713104
516.589872
492.407248
498.879808
502.101504
495.344896
517.459248
517.11104
483.20648
482.947696
510.509536
494.126112
488.178912
498.999744
480.94176
478.049312
504.551344
480.414752
497.409088
509.250944001
483.044608
490.491024
501.831327999
524.638864
508.033152
533.961424
532.425056
536.860784
479.298608
466.581344001
479.52816
490.761264
504.662288
487.260224
494.911216
502.89392
501.729376
500.25056
505.030944
496.040592
513.542144
510.80208
533.13896
541.82584
510.03496
518.167248
526.84216
511.389168
510.20712
504.772224
482.639728
507.492448
513.967072
497.695952
510.549424
500.040512
479.751952
497.4816
506.748416001
484.228112
487.40064
507.877008
476.576912
500.39096
496.604288
484.537792
493.806128
512.045104
508.615232
491.134352
514.57192
495.941728
489.548848
499.382528001
494.403488
493.257392
468.3324
493.343456
494.655648
476.117696
476.900032
495.812944
506.14592
495.016192
494.835248
492.32208
499.840272
485.897248
487.199328
500.09912
492.939376
496.51136
515.791344
486.455343999
451.125472
441.575328
439.703344
481.714112
516.492864
491.382912
472.356352
474.840944
471.896752
489.265583999
489.754368
502.273072
506.193856
464.859056
498.179136
479.867328
498.8244
477.866
469.154144
467.999136
476.699599999
454.224144
485.139248
483.255808
471.54224
470.085055999
479.991632
475.752608
484.003152
474.730272
486.316512
473.835536
491.554
483.883104
510.854688
481.992704
497.239248
493.806127999
490.604992
506.01744
517.40616
516.33552
534.170608
479.124976
484.853488
483.13368
501.356384
501.386432
475.828496
495.589968
501.079216
507.799376
498.82072
507.050192
500.415664
496.71064
496.986896
498.374592
478.204416
489.903536
509.206496
506.17568
436.685856
477.289376
442.200384
491.13648
498.04904
478.886112
479.776336
471.297696
478.912688001
483.623072
515.244512
498.341488
509.24616
500.762864
486.914304
494.069952
493.734704
505.322
501.275056
467.608896
463.614128
486.544736
466.527376
499.007712001
499.734031999
514.582752
498.375552
475.240416
447.691824
489.014096
484.185696
485.59608
474.218304
471.411008
480.865664
476.366736
237.6016
0.0
0.0121120000258
0.0
0.000783999916166
0.000783999916166
136.393136
395.072992
442.80744
469.36504
469.961504
426.377888
438.46504
470.802592
434.218112001
442.893056
423.42072
448.878784
418.588528
453.991952
480.20576
469.668416
464.063872001
470.648719999
461.652576
475.586944
451.350224
453.231568
479.32672
461.40928
472.205264
482.289984
440.842592
455.612368
475.442272
475.443712
458.115408
439.963376
442.907072
479.479056
476.948544
496.188096
493.70648
464.57576
443.440448
474.074848
484.117312
503.936608
513.675488
477.126368
474.62144
467.502608
486.415072
495.997344
472.608464
510.204528001
470.258911999
479.807568001
503.636543999
507.67704
463.920672
461.02096
453.701888
468.393152
475.364192001
493.175936
492.001168
508.58336
528.401248
490.355232
473.914416
496.334512
476.706736
471.324096
475.444336
505.253104
512.275152
485.151056
483.048832
501.535264
532.049984
480.75904
479.530352
482.093792
467.881648
480.853312
509.340016
516.288448
524.562288
539.905376
513.322816
488.791904
480.819296
498.493504
499.437552
500.35856
485.896896
511.196032
492.431584
479.39544
491.957328
522.439056
490.61888
