220.724784
234.814656001
261.425807999
246.293903999
266.643888
245.771568
264.034848001
250.467840001
248.380607998
225.421056001
213.419472
262.991232
246.815712001
230.117855998
222.812544001
263.513039999
241.075296002
262.991231998
243.162528001
223.855632
261.425807999
265.078464001
249.947087999
266.12208
244.727952
243.163055999
217.593936002
248.380608
231.68328
254.120495999
249.946032001
265.078463998
258.294960001
238.468367999
245.24976
260.382192001
258.816768
248.903999999
238.988064
223.333823999
220.725312
198.809375999
216.028512001
214.463088
219.681696
261.947616
261.426336002
238.466783999
263.513040001
245.771568
224.90136
268.73112
257.773152001
254.120495999
256.729536001
262.469952
221.247119999
262.469424002
243.684335997
267.687504003
253.077935997
243.162528001
260.382720001
242.118911998
266.643888
259.860383999
248.381136002
231.682752
214.984895999
213.942336001
233.770512002
234.813599998
218.637552001
218.115744
261.948144
238.466784
266.643888
243.684863998
231.683808001
231.161472
220.724784002
224.899247998
209.767344
212.375856001
217.073184
222.812015999
248.381664
218.637552001
240.554543998
268.209312001
256.729536001
217.072655998
257.251344003
250.468367999
233.769983999
214.984895999
227.508288002
250.468367999
221.247119999
221.24712
208.202976001
204.027455999
235.858272001
228.031152001
229.074239999
212.376912
223.85616
206.637024
215.506704001
243.684335999
232.727423999
259.860384002
230.117855998
230.639664
245.771568
257.2524
231.682752002
211.332239999
212.377440002
261.947615998
234.292848
225.421056001
213.42
234.292319998
250.467840001
224.899776001
202.461503999
224.899248
215.506704001
238.466784
264.034847999
226.987536002
235.858271999
222.812015999
210.289679999
259.338576
242.641248003
246.815183999
210.289679999
228.554016002
249.424224
258.29496
224.900831999
205.071071999
226.986480001
236.90136
232.727423999
256.729536001
236.901360001
256.729535999
232.205087999
223.334880002
206.637024
201.418415999
200.299263999
261.947616002
258.816768
225.423167998
259.860384002
270.818351999
245.251343999
242.118912
249.425280001
205.072128002
172.720559999
193.071599999
165.93864
222.812543999
188.376383999
177.415776001
187.852991998
187.851408001
180.548208
236.901888
216.030624
212.376912
184.200336
155.50248
166.979615999
166.9812
209.769455999
229.595520001
250.990176002
232.205087999
181.590768
184.200336
179.504063999
164.371104
163.849296002
172.721615998
168.546624001
182.635439999
160.719504001
172.197695998
186.810960002
161.241311997
175.852992002
161.763648
168.023232
195.157248
268.731120002
162.805679997
175.850352002
237.944448
174.807264
186.287567997
177.939168002
168.02376
182.635439998
189.418416001
199.33224
211.856687998
219.160944002
193.071071999
237.946032001
214.986480001
219.161471998
202.984896
217.594991999
235.335936002
224.899775999
198.290208001
49.5722879991
0.0
0.0121119990945
0.0
0.0
0.0
0.0121120028198
0.0
0.0
0.0
0.0
0.0
0.0
0.0
143.326431999
193.445568001
188.403327998
211.466880001
222.290207999
231.682752
229.595520001
239.509872001
242.118912
242.118911998
242.118912
254.120496001
256.729535999
241.597440001
245.772095999
250.467840001
256.729536001
260.904527999
264.034847999
270.818352001
271.861967999
274.472064001
254.642831998
279.689088002
282.819936
291.168863999
288.038016001
294.299712
288.559823999
293.777904
294.821520001
297.430559998
294.821520001
297.952368001
295.865135999
301.605024001
290.647583999
303.170976
297.952368001
300.561408
298.474176001
303.170448001
296.386944
303.692255998
294.299712
300.561408
297.952896001
300.0396
297.952368001
299.517792
296.387472
300.039600002
298.474175997
300.561408002
297.431087999
300.039600002
294.300239999
296.386944
292.213008
296.908752002
296.386944
296.386943998
293.256624
296.386944002
293.256096
295.865135999
293.777904
294.299712
293.778432
295.343327999
294.299712
295.343328001
292.213008
293.256096
293.256623998
293.256096002
289.08216
293.777903998
286.994928002
291.690671999
283.864079999
291.690672001
286.994928
292.734288
289.603440002
293.256095998
291.691200001
291.168864001
288.038543997
289.603440002
