942.729904
943.488512
942.8392
942.887248
943.561856
942.97616
943.328767999
941.263408001
943.664431999
941.806032001
943.951936
943.004319999
944.208336
942.978959999
943.787632002
942.454863999
943.004816
942.310351999
943.670496001
944.158543999
942.534175999
943.167280001
943.14824
942.450784
941.445696
945.048512
943.925456
942.270272001
943.138623999
943.43912
942.448159999
944.015088
942.916608
942.260912
942.800352
942.115984
944.360064
943.405552
942.551568001
943.674928
942.825904
943.907296
942.493376
942.154816
944.078992001
942.733151999
943.641968
942.259152
943.978848001
942.544464
942.867312
944.020208
942.141375999
943.012576001
941.637696
945.503888
939.703536
945.696463999
870.965056001
8.57529599965
843.782576
941.86344
943.428864
942.385248
941.86344
943.428864
942.385248
942.385248001
942.907055999
941.86344
943.428863999
941.86344
943.428864
941.86344
943.428863999
941.86344
942.385248
943.428863999
942.072480001
942.907055999
935.104160001
942.908112
942.748384001
942.779647999
941.883343999
943.248144001
942.493423999
940.565392001
943.45976
943.167088
942.408047999
942.90792
942.493936
942.988976
942.420128
942.968272001
941.86224
942.672032
943.428143999
941.627232001
943.201392
943.143776
942.371472
942.99424
942.280864
943.612207999
942.023024
942.208144001
943.470832
940.312128
945.888416001
175.848656
407.862431999
947.08152
941.86344
931.949088001
941.341632
941.86344
943.950672
941.86344
943.428864
322.914224
949.69056
942.907056
942.385248
941.86344
942.907055999
942.385248001
941.86344
943.428864
941.341632
943.428864
942.385248
942.385248
942.907056
943.081056
941.86344
941.86344
943.428864
941.86344
941.341632
943.950672
941.86344
943.428863999
941.86344
941.86344
943.428864
941.86344
942.907056
942.385248
942.907056001
942.385247999
941.341632
943.428864
942.385248
942.385248001
942.385248
941.86344
942.907056
942.385248
941.86344
942.907056
942.385248
942.907056
941.86344
941.86344
943.428864
941.86344
943.428864
941.86344
942.907056
781.146576
9.52499199938
532.780784001
160.388176
944.994287999
939.776208
942.907056
940.298016001
941.341632
918.38208
891.769872
941.341632
941.86344
939.776208
943.428864
942.385248
941.86344
941.86344
941.341632
943.428863999
942.385248001
939.776207999
943.428864
941.86344
942.907056
942.907056001
932.992703999
939.254400001
941.341631999
749.022624
560.437136
849.503424
894.900719999
621.473328
815.064096001
889.160832
887.595408
845.32896
547.578368001
890.726255999
432.057024
0.0
0.0121120000258
0.0
0.0
0.0
0.0121120000258
0.0
0.0
147.706512
942.385248
940.298016
941.86344
938.732592001
943.428864
941.86344
942.907056001
939.776207999
941.86344
940.298016001
942.907055999
938.732592001
943.428864
941.86344
942.385247999
942.907056001
941.341632
943.428863999
941.341632
943.428864
942.385248001
942.385248
942.385248
942.385248
942.907056
940.819824
942.385248
941.341632
942.385248
941.341632
941.341632
940.819824
942.385248001
941.341632
943.950672
941.86344
942.385248
942.385248001
941.86344
941.86344
941.341631999
943.428863999
941.863440001
939.776207999
943.428863999
941.86344
942.907056
940.819824001
941.86344
943.428864
941.86344
943.428864
941.86344
940.819824
941.86344
940.819824001
943.950672
940.819824
941.86344
942.907055999
942.385248001
943.428864
941.341631999
943.428864
941.86344
941.341632
942.907056
941.86344
943.428863999
941.86344
941.86344
942.907056001
942.385247999
943.428864
941.86344
942.385247999
942.385248001
941.86344
942.907055999
941.86344
942.385248001
942.907056
941.341631999
943.950672002
941.86344
