70007884
70492715
72462298
73090850
72736966
72743292
72004066
69959794
70718140
70692385
69624130
71355217
69337472
70878109
70186003
71064283
72560263
71041290
70000873
69958345
71050148
74043119
72900518
72086946
69952432
71454270
70555527
70639407
69457480
69667295
69634678
70212764
69956337
69091462
70819488
72556194
71527712
71301909
71062881
71437634
70932289
72827444
73102546
72339170
69045592
68859038
69412900
69086975
70385048
69698052
70800738
70830350
70884477
70522530
70101540
69294911
70518226
71802404
72951135
73531213
71071546
71556866
71939258
71449088
69975538
71008306
69677462
70431605
71622233
70586372
70906345
71934929
69774025
70050171
69750974
70377457
69642943
70902945
69939424
69766775
70385314
69708621
70158396
70433389
71762756
69312727
70181481
70215440
69506990
70544142
69891218
71120491
70208576
69065573
70154130
68711876
69267125
70043167
70616312
70364005
70641699
70714867
70993460
70078384
70160946
70251478
69724328
73755215
73510877
100533997
105036825
125880196
121578516
82075254
89387066
86358318
84320528
84071407
87140470
84433252
85257705
86090732
86865549
87519661
85931373
82814277
84733032
85258158
88609476
85433747
83629064
89674754
84934432
86147382
83778605
84222953
84631130
85526671
86262050
82594838
85442068
85354888
85747035
85951731
91018154
88547537
88985650
89623763
90783043
90803891
91988904
92959650
94012390
89027044
89572736
86586953
89942230
90482556
85733648
84108845
85551861
86793875
87190247
87061863
86486826
84986189
85618189
85518438
88289478
83875612
86986752
87613924
90382413
87213162
94344161
88419004
89336990
87265787
86171878
83742088
84576141
85663526
88241468
86674390
87902572
83928487
85252790
86279400
86663336
84063912
85487255
89460286
85552157
86801630
91120941
84757357
85895541
88217789
85209862
86140430
93727581
88417468
88986586
88979283
99309979
104537773
103684597
108430280
154798116
5096004
189793671
