12.997369
13.049113
13.136366
12.380871
13.317285
13.227384
13.709362
13.333565
12.939932
12.931709
13.420186
13.471716
13.251091
13.328906
13.622227
13.218703
13.832469
12.912696
13.597926
13.143093
13.646145
13.547841
12.724623
12.223058
13.248111
12.386129
14.152214
12.921156
13.797914
12.718919
12.777195
12.287932
12.609179
13.008746
13.944074
12.841431
12.785172
13.485401
13.516437
12.45202
12.83899
12.675308
12.646829
11.839783
13.80367
13.01295
13.804382
12.616077
13.827616
13.011256
13.043803
13.139646
12.738983
12.402798
13.302623
14.234114
86.175078
95.120511
66.852329
16.479461
16.871688
13.208937
13.795782
13.833878
13.095578
13.412035
13.512179
12.577976
13.057566
13.825091
19.895593
39.561768
46.087954
40.548268
46.639942
41.493439
47.874164
40.299761
47.043779
40.087848
47.228879
39.099746
46.469575
39.87559
47.693757
39.727
49.874063
40.325967
49.744929
40.358553
48.66885
41.011205
47.91312
40.348759
46.507425
39.980743
46.03327
39.417809
47.941
40.559369
46.441518
46.403479
40.442155
48.010086
42.107779
43.795377
42.817242
46.548057
47.046382
40.580286
46.127573
38.528572
42.547339
40.981758
46.556434
47.068094
39.37949
47.504578
39.318498
45.792987
40.477599
55.554231
47.711313
39.520647
44.221877
41.199928
46.889554
47.605676
39.371573
47.335095
43.504617
44.321577
42.442175
44.878101
49.139116
42.416579
44.990885
39.587778
48.376498
46.920637
41.002599
47.94478
41.367718
48.192859
46.247537
41.048256
44.970337
47.338645
40.236121
47.761684
39.64937
47.438029
46.764933
39.571227
44.568423
41.81224
47.881701
47.848847
40.821227
46.753853
48.717679
41.383145
48.337076
46.023903
47.353943
39.936085
46.205518
48.554139
39.630325
100.81
124.134385
180.402939
211.838401
140.291696
110.902508
117.172521
120.909659
110.219381
119.306511
110.062733
117.9441
116.134394
113.352354
117.596099
117.749724
123.519158
117.124474
118.482301
114.650734
115.779618
119.373803
119.423685
120.189063
113.32173
120.561626
120.095864
116.777396
109.149612
106.845652
117.942992
119.181865
62.818723
66.446581
67.818665
150.205635
77.209785
61.473592
74.242335
128.575118
59.508557
66.011428
58.047678
10.698955


