11593236
11359441
11473819
11320175
11040075
11063332
11473916
12286995
11302477
11059765
11069955
11403605
11672738
10985626
11033774
10912340
13034414
11229435
11513871
12302412
10967513
11030036
11042415
11158825
11121482
10849361
11224874
35149080
114654035
35663317
12771416
88726199
94847709
109052375
111924626
112594381
112560452
112180539
115430416
114277050
111393247
111494907
109510103
176423067
274888439
211024200
157874971
124637333
136725474
149176875
135678657
140588920
136316562
147056702
135637351
136924321
142321000
133029877
142392587
137740320
143382552
135245408
147212726
138892646
141789864
136391959
140208635
134757398
138063707
135296604
142502377
131753898
142186779
125359277
139855059
136180291
142540892
139667552
136481593
135388539
137948775
136867161
141350479
138190635
141244796
136481867
140859352
136634520
145745559
139007899
144448463
139440163
132745120
146243594
137603139
141318219
139501418
137128041
139131203
138998708
189036951
136156999
133894435
132558917
128936571
138078454
143394719
142737518
128764138
144865061
134343636
143901345
139229390
142246288
139929593
149422360
145123836
131475393
143411765
134824046
147073669
136745270
149184308
149443821
134865934
141207681
134852839
140737188
132959742
146273009
155385444
126785273
134942654
142966387
141117429
148946094
141041699
145199750
139975791
137218904
143096059
151964910
138837849
141313421
158757944
146676422
150584229
169875598
228331044
218805916
226057801
235669887
210793178
212242990
223205113
225492936
230082697
226596166
228592448
222525263
235998528
219486626
208514089
218180862
227193351
240034473
207034381
236626064
223281573
227002910
242413416
223268941
224409341
229745660
235976581
229364611
212877340
214791539
231800738
229392464
191719068
241109305
217003356
191760165
156960873
174773602
155699462
166925423
168746943
136945731
149421873
157386233
162587313
157749530
163946795
13399451
11200806
