12226774
12295080
12226774
12226774
12295080
12226774
12226774
12226774
12226774
12295080
12226774
12226774
12226774
12295080
12226774
12226774
12226774
12295080
12226774
12226774
12226774
12295080
12226774
12226774
12226774
12295080
12226774
12226774
12226774
5464480
0
301290
498106
793362
1567662
1921376
2112676
1821332
2023186
2285788
2153734
1980746
1912488
2088552
1570966
2009632
2023290
2143196
1912484
1958020
1935262
1822962
1865454
1962602
1930724
1844210
1912512
1762242
1926170
2117410
2185712
2185708
2185712
2254018
2254022
2254022
2185720
2254018
2322324
2117410
2254022
2117410
2390642
2185752
2185768
2322404
2185792
2322400
2322404
2185780
2322404
2185792
2322396
2547048
2370976
2322404
2390710
2254098
2459012
2322396
2527322
2390706
2254094
2322396
2527318
2390706
2459016
2595628
2732224
2663934
1571030
2254090
2459008
2459016
2390706
2459004
2527314
2459004
2390702
2595628
2732236
2527310
2800538
2663930
2937150
3142072
2800538
3005452
2800530
3142064
3210370
3210366
3210362
3210362
3278676
3142052
3483590
3278664
3688500
3415292
3483586
3210362
3825116
3961732
2800534
3346978
3278672
3961736
3893422
4098348
3551900
4166654
3825120
3415288
4713102
5396150
5122942
4166650
3961736
3823590
3621708
3688496
3756798
3278656
4030030
3620202
3688516
3961724
3756810
3961748
3674838
3975402
4030026
4030034
3893438
3688496
3688512
3825132
3620186
3756786
3893442
3688512
3825128
3620198
3893426
3756822
3688492
3688512
3677882
3699138
4234972
3620210
3468410
4181834
5327860
5464472
5396162
5532778
5259546
5122938
4849722
5054640
5122946
4986334
4918024
751366
0
1514
7582
0
0
0
0
0
0
1514
1089260
1742172
1666436
1781808
1598214
1680186
1707522
1844130
1775836
1809216
1982276
1945888
2322304
2527218
2237308
2065790
2117398
2458908
2505970
2323858
2068858
1912508
2185744
2458944
2595556
2527246
2595540
2595536
5464200
6215518
6420528
6489070
6762294
6420764
6420764
6352458
6352458
6284152
6284152
6352458
6898906
6693988
6693988
6489070
6489070
6352458
6352458
6625682
6352458
6625682
6215846
6079234
6352458
6284152
6557376
6284194
6284152
6284152
6352458
6625682
6693988
6284152
6762294
6284152
6625682
6693988
6284152
6284152
6489070
6079234
6693988
6693988
6147540
6420764
6557376
6420764
6693988
6693988
6967212
6762294
