12226774
12226774
12226774
12295080
12226774
12226774
12226774
12226774
12295080
12226774
12226774
12226774
12295080
12226774
12226774
12226774
12295080
12226774
12226774
12226774
12295080
12226774
12226774
12226774
12295080
12226774
12226774
12226774
12226774
12295080
12226774
12226774
12226774
12295080
12226774
12226774
12226774
12295080
12226774
12226774
12226774
12295080
12226774
12226774
12226774
12226774
12295080
12226774
12226774
12295080
12226774
12226774
12226774
12226774
12295080
12226774
12226774
12226774
12295080
12226774
12226774
12226774
12295080
12226774
12226774
12226774
12226774
12295080
12226774
12226774
12226774
12295080
12226774
12226774
12226774
12295080
12226774
12226774
12226774
12295080
12226774
12226774
12226774
12295080
12226774
12226774
12226774
12281418
12249532
12197802
12277918
12236692
12240560
12229676
12253238
12224374
12243736
12278998
12191500
12255252
12232400
12239432
12292290
12225992
12245860
12228138
12245738
12258522
12236804
12213740
12225580
12299436
12217920
12217480
12290308
12239514
12198624
12242568
12237114
12256154
12251392
12263584
12228524
12244926
12256406
12203552
12279256
12230224
12236822
12208724
12274894
12247594
12242196
12215152
12277498
12233550
12214264
12292652
12220768
12221952
12266860
12245684
12270646
12225954
12218882
12247786
12247498
12261868
12243020
12224368
12269072
12181488
12296634
12194536
12279710
12210944
12262396
12215788
12271788
12246186
12210852
12275066
12198634
12259006
12244622
12284252
12207658
12213358
12266510
12259266
12237664
12271928
12241892
12195894
12264436
12246508
12212972
12259422
12263436
12194538
12274522
12246666
12261336
12225672
12254684
12201142
12283108
12226398
12232022
12233476
12293750
12239520
12185868
12238968
12284300
12246048
12227904
12262726
12228452
12230952
12223796
12266844
12221228
12277002
12234522
12251062
12200588
12253624
12284424
12180940
12268378
12260484
12206772
12244254
12246440
12238558
12255104
12239458
4499526
0
1514
0
0
0
1514
0
7574
0
0
1717478
12232756
12226774
12226774
12295080
12226774
12226774
12226774
12295080
12226774
12226774
12226774
12295080
12226774
12226774
12226774
12226774
12295080
12226774
12226774
12226774
12295080
12226774
12226774
12226774
12295080
12226774
