11538836
11340667
11811680
11192135
11933670
11702730
11666341
11218831
11636141
11189722
11547108
11458838
11438873
11405550
11452786
12059298
11393201
11215249
12035780
11432330
11643929
11388887
11863487
11781071
12491842
11429812
11457938
11232935
11827071
11021327
11501723
11110067
12210410
11214925
12115736
12135150
11487957
11308740
12046282
11169340
11592139
11059292
11643983
11424720
12852300
11617071
11310999
11177904
11887798
11077223
53729986
121875074
32337949
16272384
11684962
11594251
11735211
11308087
11938313
11201420
11383520
11482611
11887119
13133989
49534984
48031036
50076670
48374681
46276459
51117452
45327529
45523519
47604474
45788249
51717210
44131406
45359255
52272660
45719843
47636533
44113700
48141043
42755497
44395729
48087925
43766273
49987847
42421274
44065971
44602798
43269192
44453644
43320853
45069980
42702624
49109760
42221938
42804952
45675501
42905205
47400913
42717284
45465701
42288462
44904365
41736130
45264485
42329208
47211447
40994473
48201091
40528887
48895116
40209397
48465633
41069297
47728093
40753587
48171027
40416097
48353396
41937426
48639827
40268211
47536819
40685410
46938197
40809743
48438064
39913397
48480135
41041050
49614201
40311361
49442178
40704118
49071982
40583474
49486743
40256529
47260327
41347742
44976066
42039256
45889579
41968623
45898559
41669179
46902454
48841515
39960586
44029694
41618523
46271608
47126208
40782637
46003440
39867144
47479858
49085381
41558991
45173592
49698484
41636076
46354123
45627955
102637914
117545487
117383049
113955716
117485826
111581557
117007957
120095580
121508214
115520745
121201721
117563526
120883263
118050677
117111393
118651928
118104305
118465241
121109174
118556100
117937140
117738417
117242852
102230935
115297009
96251127
70511604
74242257
64969130
62871110
66710759
66543902
75085711
63686094
65700019
42223161
12619931
9499363
10411298
9517733
9225087
9301707
9436930
9167779
9295072
9225511
9254762
116142674
105355224
66372122
320796600
167244156
9109148
