80305945
80116630
83069953
79750110
79980242
80460615
83485690
77488112
80223110
78389768
79774990
82619664
81719226
77899673
79661585
80349294
80824255
80848766
79087736
76181836
81562253
79415797
80315985
80468590
80975741
80471911
80430602
77003089
81595630
79586159
78881576
80118756
81062821
82412806
80897281
180517562
145030876
144187140
82366002
108373757
92111268
109468444
95694977
110677967
106125516
104036757
100555638
110203581
95852441
117878675
93242837
102759060
102972725
100831617
113368001
100542042
98816315
108405439
96070331
121156381
90326867
98887603
100282624
105662975
107019994
114415128
91143367
109801379
89744637
102926005
98812241
106548806
99964293
102983045
102901746
106480417
92873988
107492009
103113475
110029671
94163423
104903638
99464012
102294779
108485407
98248992
101358816
101123609
104071510
99129025
112383329
106474655
97650938
98637906
110350790
101773935
100577277
99588836
102765434
114616219
96267385
109355647
97468278
124109702
82497494
106555938
110682938
86383331
111935097
94124424
96340092
104729314
110371599
98917792
112252930
98897298
100775940
108679825
102905812
99426201
108922862
101656147
99403501
110510982
97785136
104815758
102833489
104903352
111065909
97979886
104250333
114740527
105593565
102327313
103826020
99399307
101299097
110304171
100633554
115751557
90901232
115214779
93838325
104588094
109856372
105967888
108482225
110083453
95803681
220756795
261359227
135257587
216277915
182907494
234689125
246032607
200580049
250324951
82386638
123681682
235581588
217984673
107089126
114764592
130068489
250346367
233994391
167424879
207604049
218402185
99468080
225441531
213732085
219475448
259897403
233039899
202664932
207239809
169309241
247456345
173828673
115445221
122958350
127049877
235425520
213609777
214179873
167160041
120968289
122264793
123195982
121524463
121962365
115367294
77391401
110239472
114844872
112366838
86544959
58287896
11309461
19458569
85894195
115258495
75301551
102445658
327523098
67133491
75932643
33122282
