12226774
12226774
12295080
12226774
12226774
12226774
12295080
12226774
12226774
12226774
12295080
12226774
12226774
12226774
12295080
12226774
12226774
12226774
12295080
12226774
12226774
12226774
12226774
12295080
12226774
12226774
12226774
12295080
12226774
12226774
12226774
12295080
12226774
12226774
12226774
12295080
12226774
12226774
12226774
12295080
12226774
12226774
12226774
12226774
12295080
12226774
12226774
12226774
12295080
12226774
12226774
12226774
12296594
12224064
12208290
12246536
12273212
12245066
12262368
12178182
12272184
12195842
12261456
12260054
12254452
12263646
12244870
12164444
12299066
12245506
12262510
12246324
12238294
12245804
12244586
12245504
12229466
12245098
12245648
12245972
12245632
12244958
12211856
12211186
12248618
12265316
12258950
12193974
12258408
12267440
12246922
12224596
12276746
12184764
12268348
12191020
12288546
12245700
12263172
12194658
12286268
12207244
12233348
12297870
12198822
12288472
12246934
12177566
12259248
12260758
12249352
12252108
12236474
12239658
12246856
12244416
12246850
12199050
12288996
12249384
12226546
12264846
12214458
12252690
12207370
12290732
12219686
12263350
12184162
12265150
12225608
12240930
12266586
12274998
12230932
12232666
12247230
12211792
12272364
12204294
12251096
12291400
12224110
12176424
12278192
12231990
12267880
12254124
12267504
12185688
12278130
12217558
12228402
12279880
12213408
12287074
12211110
12228184
12254006
12263186
12228212
12262794
12228354
12262198
12246478
12196162
12243604
12285174
12248900
12194960
12270160
12222414
12250254
12263848
12244510
12228136
12259476
12224528
12266366
12209588
12273436
12223178
12236380
12218936
12249498
12237890
12275380
12198852
12284790
12229002
12261654
12228216
12263000
12211570
12246166
12256026
12207410
12243520
12245568
12290040
12207230
12285644
12234854
12188556
12242240
11456402
0
11367694
12226774
12226774
3825136
0
1514
0
0
0
0
1514
0
0
0
0
0
0
0
0
9024046
12226774
12226774
12295080
12226774
12226774
12226774
12226774
12295080
12226774
12226774
12226774
12295080
12226774
12226774
12226774
12295080
12226774
12226774
12226774
12295080
12158468
12295080
12226774
12226774
12295080
12226774
12226774
12226774
12295080
12226774
12226774
12226774
